kinematics:
  shoulder:
    x: 0
    y: 0
    z: 0.08928102797128155
    roll: -0
    pitch: 0
    yaw: 7.31065439636483e-05
  upper_arm:
    x: 0.0001354777777920526
    y: 0
    z: 0
    roll: 1.570014266609255
    pitch: 0
    yaw: -2.394946478003405e-05
  forearm:
    x: -0.4255385447794371
    y: 0
    z: 0
    roll: 3.141471756523903
    pitch: 3.139405835742514
    yaw: 3.141515865623983
  wrist_1:
    x: -0.3921425895854785
    y: -0.001328865178430186
    z: 0.1108765388630791
    roll: 0.01198451512312857
    pitch: 0.001247917781023881
    yaw: -3.442124387850456e-05
  wrist_2:
    x: -2.990640914731566e-05
    y: -0.09475001995950867
    z: 4.42910274393803e-05
    roll: 1.570328875450482
    pitch: 0
    yaw: 2.669296673433672e-05
  wrist_3:
    x: -1.101531696761608e-05
    y: 0.08248562388259996
    z: 5.446079486632331e-05
    roll: 1.57145657259761
    pitch: 3.141592653589793
    yaw: 3.14153573514545
  hash: calib_2094162158603465846